tree
version=v4
num_class=1
num_tree_per_iteration=1
label_index=0
max_feature_idx=25
objective=binary sigmoid:1
feature_names=production_stage stations_completed elapsed_production_time mean_cycle_deviation max_cycle_deviation cycle_deviation_std recent_cycle_deviation_3 count_slow_visits waiting_time_total waiting_time_mean max_standardized_deviation count_abnormal_readings latest_deviation mean_abnormality sensor_coverage sensor_missingness sensor_freshness torque_deviation_max dimensional_deviation_max paint_environment_deviation_max sealing_deviation_max deviation_trend n_batch_contexts_visited cohort_defect_rate_mean cohort_sample_size_mean vehicle_variant
feature_infos=[1:5] [12:44] [436.23449088264169:8437.9571367564204] [-0.10035248832674387:0.19267717703373291] [-0.016389426965917647:4.5672065693321215] [0.019497360334017905:0.86895013335476701] [-0.28513184133934527:0.83391895969986207] [0:9] [0:6439.1270447145362] [0:272.69520493897176] [0.96481258639836698:16.666666666666668] [0:13] [-5.1378748742264362:4.2259340544021882] [0.37545012147769918:1.4185570075315328] none [0:0.014285714285714285] none [0.0040825504416908132:10] [0.061730776940771559:4.4200304948416864] [0.64642308672379079:16.666666666666668] [3.1412456857893289e-06:4.950665850654369] [-0.97913726935625367:2.3092979945926997] [1:5] [0:1] [0:779] -1:1:2:0
tree_sizes=983 1013 1002 1007 1006 1006 1004 1012 1006 997 1009 1009 1010 1012 1005 1010 1014 1005 998 1008 1006 1010 1017 1007 1022 1030 1013 1025 1012 1011 1028 1029 1012 1003 1027 1015 1008 1003 1012 1009 1012 1015 1005

Tree=0
num_leaves=8
num_cat=0
split_feature=19 4 19 8 4 19 13
split_gain=237804 70126 18498.7 7730.18 7027.02 6090.35 5396.73
threshold=3.6304858200284484 0.56640241437425198 1.3046794121460452 138.71529613587521 0.31580007852429659 9.5639530852591097 0.83025952618305265
decision_type=10 2 10 2 2 10 2
left_child=1 2 -1 4 -4 -2 -3
right_child=5 6 3 -5 -6 -7 -8
leaf_value=-2.9480600644509769 -2.8781241649912528 -2.9031481162816331 -2.987108637027529 -2.9184827610139363 -2.9652555118575186 -2.8351010104094225 -2.8560552314829417
leaf_weight=2705.8135046958923 423.20504355430603 562.22065472602844 4938.449288547039 207.60616201162338 2114.0429692864418 1598.9079654216766 439.63149416446686
leaf_count=33856 2480 4633 80119 2012 29906 2840 1654
internal_value=-2.94398 -2.9624 -2.97044 -2.97878 -2.98056 -2.84409 -2.88245
internal_weight=12989.9 10967.8 9965.91 7260.1 7052.49 2022.11 1001.85
internal_count=157500 152180 145893 112037 110025 5320 6287
is_linear=0
shrinkage=1


Tree=1
num_leaves=8
num_cat=1
split_feature=10 5 1 8 10 10 25
split_gain=236630 14336.3 12934.3 7240 2483.44 2211.32 1445.22
threshold=3.7816539465269825 0.15764189082013902 16.000000000000004 138.71529613587521 3.408708805540309 5.3483676415902943 0
decision_type=2 2 2 2 2 2 1
left_child=1 2 -1 4 6 -2 -4
right_child=5 -3 3 -5 -6 -7 -8
leaf_value=0.089247206641170321 0.14846112121187863 0.12213945274115359 0.054415630666716473 0.11679438911824075 0.091903437170332281 0.17250439875014839 0.063806283682928538
leaf_weight=2592.5755177810788 456.14686473086476 554.61299282312393 2517.7991021685302 247.34794993326068 264.1767281293869 2849.1354575864971 4823.6786318905652
leaf_count=30170 2452 4298 39075 2081 3075 5743 70606
internal_value=0.0948185 0.0724679 0.0698285 0.0634157 0.061677 0.169195 0.0605871
internal_weight=14305.5 11000.2 10445.6 7853 7605.65 3305.28 7341.48
internal_count=157500 149305 145007 114837 112756 8195 109681
cat_boundaries=0 1
cat_threshold=4
is_linear=0
shrinkage=0.0100244


Tree=2
num_leaves=8
num_cat=0
split_feature=10 19 4 19 4 10 19
split_gain=170462 11654.9 10852.4 3013.8 2120.54 1820.32 1801.99
threshold=3.7816539465269825 3.2415703812783874 0.56640241437425198 1.773075794623032 0.41250649778551846 3.4484706196415824 1.8562013402441504
decision_type=2 8 2 10 2 2 10
left_child=1 2 3 5 -3 -1 -5
right_child=-2 4 -4 6 -6 -7 -8
leaf_value=0.066265261463784669 0.14414928828209544 0.081368525598939354 0.10158681010874046 0.035102752940520877 0.11350715247156574 0.1220748529351159 0.055759900061500098
leaf_weight=2205.4385241121054 3837.6307729259133 2939.8410491868854 618.18090738728642 463.10869765281677 223.11085981503129 60.436390157788992 5231.0475343950093
leaf_count=29012 8195 31660 4768 7487 1566 438 74374
internal_value=0.0861492 0.0671898 0.061122 0.0579772 0.0836419 0.0677634 0.054081
internal_weight=15578.8 11741.2 8578.21 7960.03 3162.95 2265.87 5694.16
internal_count=157500 149305 116079 111311 33226 29450 81861
is_linear=0
shrinkage=0.0100244


Tree=3
num_leaves=8
num_cat=0
split_feature=10 19 5 8 19 20 19
split_gain=128430 9435.02 8760.61 4016.39 2657.46 2287.53 1812.96
threshold=3.7816539465269825 3.2415703812783874 0.15252146040677927 138.71529613587521 2.4622579898098711 1.2564361065605965 1.3046794121460452
decision_type=2 8 2 2 10 2 10
left_child=1 2 3 4 5 -1 -7
right_child=-2 -3 -4 -5 -6 6 -8
leaf_value=0.061364538076558721 0.12590910188350857 0.07685342756253058 0.094365756369729742 0.093657902373919175 0.041417931980738676 0.085216473231383497 0.047814806275251122
leaf_weight=3733.515667155385 4346.692499037832 3406.5191048681736 597.91430719569325 257.37591604888439 1512.889073215425 136.70563309267163 2821.2736251428723
leaf_count=47210 8195 33226 4203 1957 22045 1323 39341
internal_value=0.0789889 0.0626273 0.0572767 0.054654 0.0534284 0.0561427 0.0495484
internal_weight=16812.9 12466.2 9059.67 8461.76 8204.38 6691.49 2957.98
internal_count=157500 149305 116079 111876 109919 87874 40664
is_linear=0
shrinkage=0.0100244


Tree=4
num_leaves=8
num_cat=0
split_feature=10 19 8 4 10 20 19
split_gain=100405 7665.9 8382.27 4274.42 1551.58 1521.79 1681.76
threshold=3.6894610434069359 1.3046794121460452 144.90795260424969 0.56640241437425198 5.3483676415902943 1.2564361065605965 2.4622579898098711
decision_type=2 10 2 2 2 2 10
left_child=1 -1 3 5 -2 6 -3
right_child=4 2 -4 -5 -6 -7 -8
leaf_value=0.070723457714696666 0.098124921826957645 0.056591556785178937 0.097136951380782238 0.07828338652643077 0.11395325381353197 0.045002495631102625 0.041555892409729352
leaf_weight=3679.19547829777 743.49471609294415 3760.6517157740891 425.36353354156017 565.33382768183947 4177.7455308735371 3723.1366238556802 936.40525196120143
leaf_count=33868 3064 45534 2373 4114 5743 49934 12870
internal_value=0.0729643 0.0584507 0.0536514 0.0515909 0.111566 0.0497971 0.0535958
internal_weight=18011.3 13090.1 9410.89 8985.53 4921.24 8420.19 4697.06
internal_count=157500 148693 114825 112452 8807 108338 58404
is_linear=0
shrinkage=0.0100244


Tree=5
num_leaves=8
num_cat=0
split_feature=19 4 19 4 8 23 8
split_gain=53722.6 20693.6 6710.69 3776.92 2204.37 2096.3 2037.22
threshold=3.4765668424523164 0.56640241437425198 1.3046794121460452 0.31802065885108988 68.714721542888597 0.028973019937190484 167.62334097638998
decision_type=10 2 10 2 2 8 2
left_child=1 2 -1 6 5 -5 -4
right_child=-2 -3 3 4 -6 -7 -8
leaf_value=0.06608247153514217 0.10065791042929967 0.092066219558873633 0.045458037221647464 0.046495281114289619 0.084304768577989603 0.064740910121222128 0.081379739446974339
leaf_weight=3942.9844656698406 3970.163832090795 1713.1946704313159 6465.2141142040491 1113.4301599189639 333.6925422437489 1474.8366895765066 162.77930315583944
leaf_count=33856 5816 6263 80710 13111 2339 14416 989
internal_value=0.06782 0.0592453 0.0550769 0.0505317 0.0600309 0.0568957 0.0463424
internal_weight=19176.3 15206.1 13492.9 9549.95 2921.96 2588.27 6627.99
internal_count=157500 151684 145421 111565 29866 27527 81699
is_linear=0
shrinkage=0.0100244


Tree=6
num_leaves=8
num_cat=0
split_feature=19 4 19 4 8 23 2
split_gain=44025.5 17132 5697.6 3257.63 2149.09 1998.07 1837.7
threshold=3.4765668424523164 0.56640241437425198 1.6737328326329353 0.32638391141368134 167.62334097638998 0.027115089211863407 1342.2785725463048
decision_type=10 2 10 2 2 10 2
left_child=1 2 -1 4 6 -5 -4
right_child=-2 -3 3 5 -6 -7 -8
leaf_value=0.059426969837748041 0.091819840530580663 0.084409607142687582 0.047178304698108464 0.0474264866602115 0.079009336103137526 0.065795259866096911 0.035739517250784086
leaf_weight=5954.8119428902864 4306.8662979528308 1849.1436655670404 2829.7186559252441 1221.9873053133488 157.54218164086342 1166.0720404870808 2824.8468744643033
leaf_count=52466 5816 6263 33107 13114 837 10036 35861
internal_value=0.0633688 0.0557114 0.0519613 0.0465387 0.0424853 0.0564001 0.0414652
internal_weight=20311 16004.1 14155 8200.17 5812.11 2388.06 5654.57
internal_count=157500 151684 145421 92955 69805 23150 68968
is_linear=0
shrinkage=0.0100244


Tree=7
num_leaves=8
num_cat=0
split_feature=10 5 19 8 10 19 20
split_gain=58851.7 5280.93 5391.53 3077.46 1420.33 1787.45 1803.18
threshold=3.9438667051118066 0.15764189082013902 1.3046794121460452 167.62334097638998 3.2276394832130033 2.4622579898098711 1.2564361065605965
decision_type=2 2 10 2 2 10 2
left_child=1 2 -1 4 5 6 -4
right_child=-2 -3 3 -5 -6 -7 -8
leaf_value=0.05721367205696546 0.086152839465184608 0.072291996501017877 0.048036877776871059 0.074501747053392284 0.055428269199294999 0.032338389966267519 0.038081688027683656
leaf_weight=4199.7554225176573 5987.7567578405142 929.66725707054138 4240.0300856120884 316.754289701581 817.46016133204103 1700.0615305937827 3224.9969724826515
leaf_count=33071 7579 4349 44571 1525 7130 21251 38024
internal_value=0.0594777 0.0491245 0.0476381 0.0437325 0.0427549 0.0416234 0.0437371
internal_weight=21416.5 15428.7 14499.1 10299.3 9982.55 9165.09 7465.03
internal_count=157500 149921 145572 112501 110976 103846 82595
is_linear=0
shrinkage=0.0100244


Tree=8
num_leaves=8
num_cat=0
split_feature=10 23 5 2 8 10 5
split_gain=50043.2 3747.06 2660.79 2818.4 2146.45 1824.01 1261.44
threshold=3.408708805540309 0.022968052838882234 0.13928038762081604 912.62053310340264 89.421272277148105 3.9438667051118066 0.17902615030923755
decision_type=2 8 2 2 2 2 2
left_child=1 6 3 -3 -5 -2 -1
right_child=5 2 -4 4 -6 -7 -8
leaf_value=0.036416303037176051 0.062737306866195719 0.052360056049880636 0.062838671002816621 0.03983941191717099 0.062751192104057538 0.079732387377788094 0.071189459944958913
leaf_weight=3788.4169587120414 708.92999459803104 5137.1517189592123 1209.2984745800495 4686.7504987642169 450.91686965897679 6402.8472679704428 107.85730998963118
leaf_count=42003 4302 42187 6935 50949 3132 7579 413
internal_value=0.0560501 0.0458814 0.0487644 0.0471068 0.0418524 0.0780399 0.0373822
internal_weight=22492.2 15380.4 11484.1 10274.8 5137.67 7111.78 3896.27
internal_count=157500 145619 103203 96268 54081 11881 42416
is_linear=0
shrinkage=0.0100244


Tree=9
num_leaves=8
num_cat=0
split_feature=10 5 2 9 10 5 17
split_gain=43130 3316.31 3647.43 1830.71 1558.09 996.996 1064.82
threshold=3.408708805540309 0.15764189082013902 912.62053310340264 1.7348770310860395 3.9438667051118066 0.11156284097206109 1.9656124594737709
decision_type=2 2 2 2 2 2 10
left_child=1 2 -1 -4 5 6 -2
right_child=4 -3 3 -5 -6 -7 -8
leaf_value=0.048785608954605181 0.052894333306572533 0.062011778746427139 0.0367590889278692 0.04921741048991897 0.07426224334482176 0.070760809202174896 -0.0049107640004962989
leaf_weight=5788.6261864751577 344.24567498266697 934.3336515724659 7870.0923449508846 1397.6739639826119 6803.438519783318 367.0567022934556 35.272854052484035
leaf_count=46171 2273 4118 83503 11827 7579 1579 450
internal_value=0.0530033 0.0436788 0.0425404 0.0386389 0.0727507 0.0589618 0.047522
internal_weight=23540.7 15990.7 15056.4 9267.77 7550.01 746.575 379.519
internal_count=157500 145619 141501 95330 11881 4302 2723
is_linear=0
shrinkage=0.0100244


Tree=10
num_leaves=8
num_cat=0
split_feature=10 19 8 5 10 4 23
split_gain=37643.4 3704.39 3246.01 1622.93 1354.51 1265.99 1100.86
threshold=3.408708805540309 1.5468962370401422 167.62334097638998 0.16081647546793729 3.9438667051118066 0.41250649778551846 0.029579106802397875
decision_type=2 10 2 2 2 2 8
left_child=1 -1 3 6 5 -2 -3
right_child=4 2 -4 -5 -6 -7 -8
leaf_value=0.047975268738631734 0.04640358821896913 0.031888989800883297 0.063940866434153212 0.054701098781464993 0.069543826855419627 0.073322768503240973 0.038799890739355303
leaf_weight=5990.6261934190989 515.51852584630251 3893.8529651686549 467.44192881137133 491.12742613255978 7190.1646407470107 267.77162682265043 5746.3913149759173
leaf_count=43116 3492 41788 1763 2223 7579 810 56729
internal_value=0.0502767 0.0416724 0.0381091 0.0369162 0.0681774 0.0556208 0.0360091
internal_weight=24562.9 16589.4 10598.8 10131.4 7973.45 783.29 9640.24
internal_count=157500 145619 102503 100740 11881 4302 98517
is_linear=0
shrinkage=0.0100244


Tree=11
num_leaves=8
num_cat=0
split_feature=10 19 8 5 10 4 23
split_gain=33222.9 3278.85 2861.48 1449.11 1194.66 1081.92 984.782
threshold=3.408708805540309 1.5468962370401422 167.62334097638998 0.16081647546793729 3.9438667051118066 0.41250649778551846 0.029579106802397875
decision_type=2 10 2 2 2 2 8
left_child=1 -1 3 6 5 -2 -3
right_child=4 2 -4 -5 -6 -7 -8
leaf_value=0.045643272978182485 0.044229465268643499 0.030719432225964047 0.060169942314190622 0.051860729574517608 0.06543067559241908 0.068492406672982328 0.037160393924230199
leaf_weight=6232.3191042095423 535.34239812195301 4001.0321002528071 491.64072594046593 512.72936918586493 7563.5811926946044 283.7101591899991 5938.7787809148431
leaf_count=43116 3492 41788 1763 2223 7579 810 56729
internal_value=0.0478223 0.0398374 0.0365304 0.0354175 0.0641828 0.0526471 0.0345683
internal_weight=25559.1 17176.5 10944.2 10452.5 8382.63 819.053 9939.81
internal_count=157500 145619 102503 100740 11881 4302 98517
is_linear=0
shrinkage=0.0100244


Tree=12
num_leaves=8
num_cat=0
split_feature=10 19 4 19 4 23 23
split_gain=29620.9 3027.88 2192.13 1257.37 1111.11 908.184 809.784
threshold=3.6894610434069359 1.773075794623032 0.53994602687993309 1.8705915078284265 0.43253043157448551 0.091066072941630202 0.080845290687152474
decision_type=2 10 2 10 2 8 10
left_child=1 4 3 -3 5 -1 -5
right_child=-2 2 -4 6 -6 -7 -8
leaf_value=0.035878382287351497 0.061379343938766893 0.021083630515687662 0.049109723026085503 0.03308177604478043 0.053474362192121032 0.04361336928643586 0.043313752902280789
leaf_weight=2083.4124865233898 8241.8129983395338 807.44585936516523 942.53553006798029 6933.6184957548976 877.0812104344368 5766.8244403526187 877.79102647304535
leaf_count=18272 8807 8769 4380 66648 4397 38859 7368
internal_value=0.0456003 0.038489 0.03459 0.0330012 0.0427597 0.0415614 0.0342325
internal_weight=26530.5 18288.7 9561.39 8618.86 8727.32 7850.24 7811.41
internal_count=157500 148693 87165 82785 61528 57131 74016
is_linear=0
shrinkage=0.0100244


Tree=13
num_leaves=8
num_cat=0
split_feature=10 19 8 5 10 23 23
split_gain=26751.9 2643.77 2440.59 1197.97 943.404 841.729 697.711
threshold=3.408708805540309 1.5468962370401422 167.62334097638998 0.16081647546793729 3.9438667051118066 0.026245373474489863 0.050000960300467356
decision_type=2 10 2 2 2 8 8
left_child=1 -1 3 5 6 -3 -2
right_child=4 2 -4 -5 -6 -7 -8
leaf_value=0.041602335441278164 0.036920849578661617 0.028261577282553362 0.054680075030511928 0.047067091870791951 0.058625467481946976 0.034122182653760595 0.055081182555731231
leaf_weight=6699.2478121891618 360.15395991504192 3944.1332991868258 531.54548750817776 553.65733679383993 8269.9710707440972 6594.0658509582281 525.81203004717827
leaf_count=43116 2213 39139 1763 2223 7579 59378 2089
internal_value=0.0435774 0.0365848 0.0336923 0.0326856 0.05757 0.0319293 0.0477079
internal_weight=27478.6 18322.6 11623.4 11091.9 9155.94 10538.2 885.966
internal_count=157500 145619 102503 100740 11881 98517 4302
is_linear=0
shrinkage=0.0100244


Tree=14
num_leaves=8
num_cat=0
split_feature=10 19 4 9 23 2 10
split_gain=24250.6 2383.09 2247.58 979.131 1026.16 1244.13 881.873
threshold=3.408708805540309 1.6737328326329353 0.53994602687993309 2.1290847124846919 0.080845290687152474 1342.2785725463048 5.3483676415902943
decision_type=2 10 2 2 10 2 2
left_child=1 -1 3 4 5 -3 -2
right_child=6 2 -4 -5 -6 -7 -8
leaf_value=0.039281427441662416 0.048615020703423391 0.03252090841410326 0.045709871214175607 0.040204895668637594 0.03925517310860991 0.024505702919450485 0.056289498038614084
leaf_weight=8049.3693867176771 1887.859796218574 3690.6592772752047 1093.0513427183032 952.48784188181162 964.89389366656542 4126.5657533332705 7637.8332298323512
leaf_count=52135 6138 33378 4653 6570 7896 40987 5743
internal_value=0.0417296 0.0351489 0.0320762 0.0305445 0.029496 0.0282905 0.0547695
internal_weight=28402.7 18877 10827.7 9734.61 8782.12 7817.23 9525.69
internal_count=157500 145619 93484 88831 82261 74365 11881
is_linear=0
shrinkage=0.0100244


Tree=15
num_leaves=8
num_cat=0
split_feature=19 3 8 19 7 2 8
split_gain=13949.5 3746.5 1972.67 1468 1757.55 1315.44 1233.99
threshold=6.3046158151203961 0.041435083164838162 138.71529613587521 1.3046794121460452 1.0000000180025095e-35 1321.680210214847 15.597862171897079
decision_type=10 2 2 10 2 2 2
left_child=1 2 3 -1 5 -5 -6
right_child=-2 -3 -4 4 6 -7 -8
leaf_value=0.03902242394995787 0.053556025539124426 0.05023969565400313 0.050094784592585796 0.031874917671200306 0.032741282357349591 0.020918879831158314 0.040060352557033545
leaf_weight=5682.0482626110315 6076.7775746583939 1836.2232693880796 871.26193630695343 3190.8840859755874 6290.0521175563335 1684.1537642255425 3673.1957963109016
leaf_count=32058 3832 5411 2554 26534 47029 16319 23763
internal_value=0.0400332 0.036495 0.0353148 0.0346868 0.0330261 0.0280909 0.0354403
internal_weight=29304.6 23227.8 21391.6 20520.3 14838.3 4875.04 9963.25
internal_count=157500 153668 148257 145703 113645 42853 70792
is_linear=0
shrinkage=0.0100244


Tree=16
num_leaves=8
num_cat=0
split_feature=10 23 9 2 7 9 18
split_gain=20941.5 1910.66 1081.29 1279.41 1176.4 787.393 841.504
threshold=3.408708805540309 0.022968052838882234 3.2790132766738109 912.62053310340264 1.0000000180025095e-35 0.12121627903134906 2.0937409548113171
decision_type=2 8 2 2 2 2 2
left_child=1 -1 3 -3 -5 6 -6
right_child=-2 2 -4 4 5 -7 -8
leaf_value=0.027076328384688441 0.050153110809407507 0.036636429495959619 0.046151155448453253 0.023693945626302497 0.031553764931625511 0.03744927104404281 0.014849611952865095
leaf_weight=4924.281093545258 10199.703964293003 7224.3898529708385 733.76126893609762 1823.6656603068113 2640.0645166859031 2300.3998326361179 342.90491615235806
leaf_count=42416 11881 43961 2649 16768 20517 16044 3264
internal_value=0.0384646 0.0325001 0.0342725 0.0336638 0.0306412 0.0330383 0.0296346
internal_weight=30189.2 19989.5 15065.2 14331.4 7107.03 5283.37 2982.97
internal_count=157500 145619 103203 100554 56593 39825 23781
is_linear=0
shrinkage=0.0100244


Tree=17
num_leaves=8
num_cat=0
split_feature=10 5 19 8 17 4 19
split_gain=19427.1 2170.95 2057.26 1296.9 816.524 723.918 654.988
threshold=3.9438667051118066 0.15486573499675224 1.3046794121460452 89.421272277148105 1.3301574984326645 0.33084265716947286 1.2756285571108152
decision_type=2 2 10 2 10 2 10
left_child=1 2 6 4 5 -4 -1
right_child=-2 -3 3 -5 -6 -7 -8
leaf_value=0.035296293613226025 0.048946424212530801 0.043366584546775049 0.028340812290986315 0.039516396047547052 0.024848094461970439 0.03576535489030553 0.058931018345624316
leaf_weight=5910.122083067894 9516.7193600907922 1503.8574387133121 6001.2451052889228 1044.066461391747 5256.3816743195057 1696.3565828576684 120.47786550223827
leaf_count=32484 7579 4899 49940 5480 44937 11722 459
internal_value=0.0370187 0.0317466 0.0308738 0.0287638 0.0278967 0.0299778 0.0357702
internal_weight=31049.2 21532.5 20028.6 13998 12954 7697.6 6030.6
internal_count=157500 149921 145022 112079 106599 61662 32943
is_linear=0
shrinkage=0.0100244


Tree=18
num_leaves=8
num_cat=0
split_feature=10 19 5 19 8 5 10
split_gain=18071.2 1800.8 1536.37 1005.84 770.823 733.895 670.413
threshold=3.408708805540309 1.773075794623032 0.12609570063560263 1.8562013402441504 153.77391273896686 0.190942434481287 3.9438667051118066
decision_type=2 10 2 10 2 2 2
left_child=1 5 3 -3 -4 -1 -2
right_child=6 2 4 -5 -6 -7 -8
leaf_value=0.032824921041891983 0.03852385792443308 0.013494360764647448 0.032290702660315383 0.026426423708099691 0.048906442655478152 0.049393743698720016 0.047000289558320793
leaf_weight=9953.8804078400135 1043.1222653836012 655.5473700016737 1985.4440649449825 7834.5171919316053 327.62221397459507 276.68314605206251 9809.9053952544928
leaf_count=60103 4302 6430 12473 65289 717 607 7579
internal_value=0.03568 0.0302587 0.0274028 0.0254282 0.0346478 0.0332739 0.0461862
internal_weight=31886.7 21033.7 10803.1 8490.06 2313.07 10230.6 10853
internal_count=157500 145619 84909 71719 13190 60710 11881
is_linear=0
shrinkage=0.0100244


Tree=19
num_leaves=8
num_cat=0
split_feature=13 4 23 8 13 4 20
split_gain=8801.57 3559.13 1792.85 1080.05 1046.49 1046.05 686.366
threshold=0.87266474953200113 0.56640241437425198 0.032288295724434542 89.421272277148105 0.94619221382784902 0.29822307897561134 2.1669748424069977
decision_type=2 2 8 2 2 2 2
left_child=1 2 6 -4 5 -2 -1
right_child=4 -3 3 -5 -6 -7 -8
leaf_value=0.025868017961140185 0.03390328212861432 0.04211112133355651 0.030719106987351613 0.042149674323181271 0.044766550921087174 0.043583935762009696 0.012768931480132088
leaf_weight=5740.1142155304551 2441.2200866863132 2507.8138448596001 12644.944441057742 890.47008142620325 5962.2594626620412 2084.5444608032703 432.81968938559294
leaf_count=44143 10949 5554 78666 2953 7440 3931 3864
internal_value=0.0344349 0.0308611 0.0294292 0.0314717 0.0420043 0.0383637 0.02495
internal_weight=32704.2 22216.2 19708.3 13535.4 10488 4525.76 6172.93
internal_count=157500 135180 129626 81619 22320 14880 48007
is_linear=0
shrinkage=0.0100244


Tree=20
num_leaves=8
num_cat=0
split_feature=10 19 8 19 19 10 10
split_gain=16274.3 1732.9 1371.76 939.942 1072.83 930.57 849.626
threshold=3.6894610434069359 1.773075794623032 153.77391273896686 1.9868165423048223 2.4622579898098711 2.8736242394293305 3.2276394832130033
decision_type=2 10 2 10 10 2 2
left_child=1 -1 3 5 -5 -3 -6
right_child=-2 2 -4 4 6 -7 -8
leaf_value=0.031327043526476986 0.043430781544684292 0.016762199902709517 0.040479473246105895 0.029164679527826129 0.01945162575490764 0.033236452609804547 0.033517602036204228
leaf_weight=10992.481262892485 10751.251926101744 2054.4309701770544 606.16118860244751 5591.7933766022325 2580.3848908394575 414.16698407381773 518.62783632427454
leaf_count=61528 8807 17624 1641 40346 21789 2802 2963
internal_value=0.0332664 0.0284643 0.0257892 0.0249906 0.0265417 0.0195284 0.0218074
internal_weight=33509.3 22758 11765.6 11159.4 8690.81 2468.6 3099.01
internal_count=157500 148693 87165 85524 65098 20426 24752
is_linear=0
shrinkage=0.0100244


Tree=21
num_leaves=8
num_cat=0
split_feature=13 4 23 13 4 13 9
split_gain=7823.19 3215.58 1507.28 966.009 944.459 791.11 773.456
threshold=0.87070733188995131 0.3977133346801352 0.032622834384363683 0.94619221382784902 0.29822307897561134 0.7250866492217406 2.8254447120529673
decision_type=2 2 8 2 2 2 2
left_child=1 2 -1 4 -2 -3 -4
right_child=3 5 6 -5 -6 -7 -8
leaf_value=0.02237007427868205 0.031655356494283624 0.028846078381016521 0.028113755503069538 0.041674573838615746 0.040501755445641031 0.037887389703731886 0.038955336109831706
leaf_weight=5373.5555207580328 2643.345732703805 1287.108628667891 11729.912789709866 6277.6685044541955 2250.6155282109976 4024.5568605661392 702.01148621737957
leaf_count=41294 11405 6596 71397 7440 4095 13168 2105
internal_value=0.0321804 0.0288512 0.0268084 0.0390688 0.0357249 0.0356976 0.0287265
internal_weight=34288.8 23117.1 17805.5 11171.6 4893.96 5311.67 12431.9
internal_count=157500 134560 114796 22940 15500 19764 73502
is_linear=0
shrinkage=0.0100244


Tree=22
num_leaves=8
num_cat=0
split_feature=4 8 23 1 23 23 4
split_gain=3574.78 1509.59 1548.86 760.666 744.127 574.818 499.942
threshold=0.42830252900374849 89.421272277148105 0.032622834384363683 32.000000000000007 0.080845290687152474 0.01147725546346815 0.56640241437425198
decision_type=2 2 8 2 10 10 2
left_child=1 2 3 -1 -4 -5 -2
right_child=6 -3 4 5 -6 -7 -8
leaf_value=0.028179202580623397 0.034168386084631339 0.037427789510974259 0.029469473688211928 0.015361192184046244 0.035040304193383942 0.024167807773840585 0.039519857358031721
leaf_weight=3374.023522734642 2941.3181777670979 2226.3288527280092 15708.401807136834 1065.1105025708675 2853.3730791434646 2487.3954408094287 4400.7950721532106
leaf_count=19392 11175 5789 78230 8717 10157 17253 6787
internal_value=0.0311563 0.0295081 0.0288161 0.0247687 0.0303262 0.0215283 0.0373769
internal_weight=35056.7 27714.6 25488.3 6926.53 18561.8 3552.51 7342.11
internal_count=157500 139538 133749 45362 88387 25970 17962
is_linear=0
shrinkage=0.0100244


Tree=23
num_leaves=8
num_cat=0
split_feature=10 5 23 9 4 17 4
split_gain=14783.5 1569.1 1502.69 1052.38 672.118 523.713 487.635
threshold=3.9438667051118066 0.15764189082013902 0.080845290687152474 1.4923368749383175 0.21263636251103321 1.3301574984326645 0.33084265716947286
decision_type=2 2 8 2 2 10 2
left_child=1 2 3 5 -5 -1 -4
right_child=-2 -3 6 4 -6 -7 -8
leaf_value=0.023472197535568191 0.039835591079900541 0.035392917282926505 0.026757904107245992 0.021358219550975239 0.033090934876230146 0.018438708750586341 0.032511401033887791
leaf_weight=3924.0649573132396 11039.135369539261 1631.2221990376711 10972.02909899503 781.98198808729649 1324.1301368027925 4427.037198677659 1716.5417551398277
leaf_count=28021 7579 4349 62849 5307 6783 34058 8554
internal_value=0.0301867 0.0258874 0.0252172 0.0224024 0.0287369 0.0208043 0.0275367
internal_weight=35816.1 24777 23145.8 10457.2 2106.11 8351.1 12688.6
internal_count=157500 149921 145572 74169 12090 62079 71403
is_linear=0
shrinkage=0.0100244


Tree=24
num_leaves=8
num_cat=1
split_feature=13 4 23 13 2 18 25
split_gain=7061.55 3260.1 1318 818.432 649.38 572.971 571.477
threshold=0.90269127761028189 0.3977133346801352 0.034209767745189884 0.74932580549779204 525.51896667280391 1.0062670171958967 0
decision_type=2 2 8 2 2 2 1
left_child=1 2 5 -3 -2 -1 -7
right_child=4 3 -4 -5 -6 6 -8
leaf_value=0.028414470531576298 0.029227349608831103 0.027568674977499659 0.026417428136667555 0.035291191487317707 0.0377129742604864 0.023142147806370729 0.016577962655972112
leaf_weight=877.13663817942142 1020.6105685681105 1999.8404580578208 14455.759390361607 4475.9600422456861 8355.6909054517746 2521.26972579211 2834.3058203682303
leaf_count=5546 4157 9123 77990 11824 10103 17285 21472
internal_value=0.0292885 0.0266991 0.0247556 0.0329072 0.0367899 0.0209005 0.0196689
internal_weight=36540.6 27164.3 20688.5 6475.8 9376.3 6232.71 5355.58
internal_count=157500 143240 122293 20947 14260 44303 38757
cat_boundaries=0 1
cat_threshold=2
is_linear=0
shrinkage=0.0100244


Tree=25
num_leaves=8
num_cat=1
split_feature=10 19 4 19 20 25 23
split_gain=13719.8 1376.22 1457.86 803.581 846.545 475.27 536.428
threshold=3.9438667051118066 3.1447810301341983 0.3870700436783262 2.4699347198020152 2.4485225760308231 0 0.11364123458677915
decision_type=2 8 2 10 2 1 10
left_child=1 2 3 4 -1 6 -5
right_child=-2 -3 -4 5 -6 -7 -8
leaf_value=0.022863074444484755 0.037546326873230867 0.027891951657999174 0.028003791854789063 0.0072647541319442429 0.0076366626596078829 0.019023405729360138 0.044116708636723838
leaf_weight=11054.472701765597 11486.884295359254 7794.6507920399308 4217.8929595649242 709.77430681139231 379.75923316180706 1571.5550144985318 41.876365534961224
leaf_count=74386 7579 34481 19695 6291 3156 11705 207
internal_value=0.0284346 0.0243729 0.0228466 0.0212651 0.0223575 0.0158875 0.00932797
internal_weight=37256.9 25770 17975.3 13757.4 11434.2 2323.21 751.651
internal_count=157500 149921 115440 95745 77542 18203 6498
cat_boundaries=0 1
cat_threshold=4
is_linear=0
shrinkage=0.0100244


Tree=26
num_leaves=8
num_cat=0
split_feature=10 5 2 8 17 7 10
split_gain=13146.9 1156.84 1193.71 827.806 654.196 555.493 540.936
threshold=3.408708805540309 0.17080133427052827 912.62053310340264 58.558906304006094 1.3301574984326645 1.0000000180025095e-35 7.0455791502075158
decision_type=2 2 2 2 10 2 2
left_child=1 2 -1 4 5 -4 -2
right_child=6 -3 3 -5 -6 -7 -8
leaf_value=0.025712801192065794 0.032637191603068348 0.033315526891926059 0.017899313434042517 0.026418734921750894 0.017536263847620977 0.024229586740238226 0.037149519103953629
leaf_weight=9344.7934013754129 3789.4087723195553 1126.6960295140743 2044.7611352056265 2460.6049515977502 5623.2714994028211 4391.4450910612941 9166.1475275456905
leaf_count=46536 7366 2609 15104 13043 40616 27711 4515
internal_value=0.0276349 0.0233863 0.0229172 0.0211178 0.0200358 0.022219 0.0358302
internal_weight=37947.1 24991.6 23864.9 14520.1 12059.5 6436.21 12955.6
internal_count=157500 145619 143010 96474 83431 42815 11881
is_linear=0
shrinkage=0.0100244


Tree=27
num_leaves=8
num_cat=1
split_feature=19 4 19 25 18 13 20
split_gain=8113.22 4016.26 1361.82 954.922 976.692 892.141 871.982
threshold=7.9602715972680871 0.3977133346801352 3.1447810301341983 0 0.88550422202599954 0.82128839879080073 0.56084873826129023
decision_type=10 2 8 1 2 2 2
left_child=1 2 3 -1 6 -3 -5
right_child=-2 5 -4 4 -6 -7 -8
leaf_value=0.023360748275637364 0.036102611764437728 0.027803320064495984 0.025796546057840333 -0.011321135785466192 0.017179231921497569 0.034633986239613071 0.032474221597908498
leaf_weight=7119.665925398469 7678.266311943531 4385.9897337630391 8121.9231866970658 48.96362778544426 7168.7586975693703 3430.8725257590413 665.63886284828186
leaf_count=43965 3336 16517 33775 476 50004 5750 3677
internal_value=0.0268787 0.0245896 0.0224894 0.0206987 0.0182941 0.0308021 0.0294713
internal_weight=38620.1 30941.8 23125 15003 7883.36 7816.86 714.602
internal_count=157500 154164 131897 98122 54157 22267 4153
cat_boundaries=0 1
cat_threshold=2
is_linear=0
shrinkage=0.0100244


Tree=28
num_leaves=8
num_cat=0
split_feature=10 5 19 9 23 20 4
split_gain=12244.2 1278.96 1346.37 739.198 547.436 673.342 618.738
threshold=3.9438667051118066 0.15764189082013902 1.6737328326329353 4.0128657832006462 0.028579655495752143 2.2685733616294583 0.32638391141368134
decision_type=2 2 10 2 8 2 2
left_child=1 2 -1 4 5 -4 -6
right_child=-2 -3 3 -5 6 -7 -8
leaf_value=0.02450743550260602 0.034539402364979564 0.030587681320629657 0.017696282746342822 0.030725382191484473 0.019272315005157043 0.0019243104261702851 0.02530661695670262
leaf_weight=10876.662654921412 12117.903407663107 1800.4417310729623 5049.4010552167892 601.14530189335346 6184.1058789715171 287.54849559813738 2362.8553042560816
leaf_count=51640 7579 4349 35939 1706 41361 2529 12397
internal_value=0.0261599 0.0224213 0.0218413 0.0198391 0.0193674 0.0168466 0.020941
internal_weight=39280.1 27162.2 25361.7 14485.1 13883.9 5336.95 8546.96
internal_count=157500 149921 145572 93932 92226 38468 53758
is_linear=0
shrinkage=0.0100244


Tree=29
num_leaves=8
num_cat=0
split_feature=10 5 2 8 7 8 20
split_gain=11810.1 1005.71 1043.87 750.225 513.952 563.506 584.39
threshold=3.408708805540309 0.17080133427052827 912.62053310340264 89.421272277148105 1.0000000180025095e-35 3.0453087873092959 0.73266058444134396
decision_type=2 2 2 2 2 2 2
left_child=1 2 -1 4 -4 -6 -7
right_child=-2 -3 3 -5 5 6 -8
leaf_value=0.023670094502304617 0.033052668218612115 0.030548637440886772 0.015580258439177588 0.026546717217442093 0.017892312145644976 0.030524883383470317 0.020951876542223805
leaf_weight=9851.2828363403678 13631.025319322944 1193.2236766964197 3701.1559605821967 1375.1156256049871 5790.9915434271097 781.07536838948727 3596.0673236697912
leaf_count=46536 11881 2609 26711 5662 37830 4103 22168
internal_value=0.0254804 0.0215539 0.021126 0.0194817 0.0187809 0.0199456 0.0226613
internal_weight=39919.9 26288.9 25095.7 15244.4 13869.3 10168.1 4377.14
internal_count=157500 145619 143010 96474 90812 64101 26271
is_linear=0
shrinkage=0.0100244


Tree=30
num_leaves=8
num_cat=1
split_feature=19 5 19 19 25 23 3
split_gain=7381.66 3441.03 1012 893.583 703.509 681.042 562.734
threshold=7.9602715972680871 0.1403228534949498 3.1447810301341983 2.4856953090047136 0 0.089315735666124579 -0.017859528820140726
decision_type=10 2 8 10 1 10 2
left_child=1 2 3 6 5 -5 -1
right_child=-2 -3 -4 4 -6 -7 -8
leaf_value=0.016162202481825445 0.03342909025344637 0.029874016975785515 0.024016404720777217 0.0041013033528814122 0.018101578335609683 0.030062874375657939 0.021628941145301818
leaf_weight=2216.5614628791809 8047.8128556013107 5574.6344106569886 8773.5355903655291 790.59026221930981 1978.0366459712386 116.33764634281397 13048.451267078519
leaf_count=14249 3336 11457 34001 6481 12637 551 74788
internal_value=0.0248335 0.0227047 0.0212201 0.0198682 0.0147497 0.00743689 0.0208353
internal_weight=40546 32498.1 26923.5 18150 2884.96 906.928 15265
internal_count=157500 154164 142707 108706 19669 7032 89037
cat_boundaries=0 1
cat_threshold=4
is_linear=0
shrinkage=0.0100244


Tree=31
num_leaves=8
num_cat=1
split_feature=10 23 5 25 0 8 24
split_gain=11196.1 1130.79 982.035 565.627 525.302 634.48 400.168
threshold=3.9438667051118066 0.022968052838882234 0.13928038762081604 0 1.5000000000000002 89.421272277148105 395.30000000000001
decision_type=2 8 2 1 2 2 2
left_child=1 3 4 -1 -3 6 -6
right_child=-2 2 -4 -5 5 -7 -8
leaf_value=0.013061527787105105 0.032053274106512313 0.023249616978495456 0.027694989810608941 0.019190882248106715 0.019856934506907266 0.027783630476068071 0.014124325770439128
leaf_weight=2249.5228836610913 12675.768120840192 7032.7792132645845 2553.6584847271442 4632.9409801736474 9689.1406366750598 923.62083999067545 1402.9972301498055
leaf_count=15577 7579 28580 7248 28246 57768 3280 9222
internal_value=0.0242157 0.0207277 0.0218554 0.0171879 0.0210723 0.0197975 0.0191321
internal_weight=41160.4 28484.7 21602.2 6882.46 19048.5 12015.8 11092.1
internal_count=157500 149921 106098 43823 98850 70270 66990
cat_boundaries=0 1
cat_threshold=4
is_linear=0
shrinkage=0.0100244


Tree=32
num_leaves=8
num_cat=0
split_feature=19 5 23 19 21 5 19
split_gain=6980.51 3182.02 949.627 511.698 467.793 463.269 423.27
threshold=7.9602715972680871 0.14271545892517284 0.032622834384363683 3.1447810301341983 0.20621104113700575 0.10705667759986268 2.4856953090047136
decision_type=10 2 8 8 2 2 8
left_child=1 2 6 4 5 -4 -1
right_child=-2 -3 3 -5 -6 -7 -8
leaf_value=0.018580669353214712 0.031876508100417499 0.028617459350442999 0.019309040908635992 0.023285061443765031 0.015805563191738606 0.02403993875483116 0.013084686860575089
leaf_weight=6567.4020755887032 8271.753304079175 5429.444013632834 5758.4341760054231 8526.8724097162485 2141.3019794151187 3264.7549269646406 1795.241617038846
leaf_count=39932 3336 10246 33490 31653 12778 14811 11254
internal_value=0.0236297 0.0215923 0.0202325 0.0214347 0.0200211 0.0210212 0.0174011
internal_weight=41755.2 33483.5 28054 19691.4 11164.5 9023.19 8362.64
internal_count=157500 154164 143918 92732 61079 48301 51186
is_linear=0
shrinkage=0.0100244


Tree=33
num_leaves=8
num_cat=0
split_feature=10 19 5 19 18 8 5
split_gain=10666.8 1129.19 944.51 703.577 655.081 547.187 445.357
threshold=3.6894610434069359 1.773075794623032 0.12609570063560263 1.8562013402441504 3.1150592821685867 153.77391273896686 0.190942434481287
decision_type=2 10 2 10 2 2 2
left_child=1 6 3 4 -3 -4 -1
right_child=-2 2 5 -5 -6 -7 -8
leaf_value=0.021357335614880464 0.030410831205886692 0.0061694181709443137 0.020711851672614131 0.017045405773882142 0.059343811618508074 0.032174236727990975 0.032100161404842092
leaf_weight=13576.033034011722 13528.481839008629 841.14966544508934 2802.4098486453295 10676.009298734367 23.767896927893162 492.75900813937187 399.79119755327702
leaf_count=60909 8807 6437 12849 67061 62 756 619
internal_value=0.0230679 0.0196199 0.017693 0.0163409 0.00764272 0.0224276 0.0216651
internal_weight=42340.4 28811.9 14836.1 11540.9 864.918 3295.17 13975.8
internal_count=157500 148693 87165 73560 6499 13605 61528
is_linear=0
shrinkage=0.0100244


Tree=34
num_leaves=8
num_cat=1
split_feature=4 8 21 4 21 25 0
split_gain=2284.4 1126.95 995.856 529.692 299.064 337.975 287.5
threshold=0.56640241437425198 167.62334097638998 -0.13069860427679203 0.30011855122266978 -0.5255081554699409 0 3.5000000000000004
decision_type=2 2 2 2 2 1 2
left_child=1 2 3 4 -1 -6 -4
right_child=-2 -3 6 -5 5 -7 -8
leaf_value=0.027858991416358784 0.028623438093790334 0.029775012181838589 0.02077010560021136 0.026056105156234438 0.018706517523411601 0.022799224525148737 0.018334257116091709
leaf_weight=802.00702664256096 5411.1433137655258 1643.1651103496552 13398.760281935334 4708.2909042388201 3011.1559169739485 6253.7163630872965 7678.5407508835196
leaf_count=1245 6787 1868 60142 13403 12830 23353 37872
internal_value=0.0225337 0.0216547 0.0212824 0.0232785 0.021979 0.0214695 0.0198829
internal_weight=42906.8 37495.6 35852.5 14775.2 10066.9 9264.87 21077.3
internal_count=157500 150713 148845 50831 37428 36183 98014
cat_boundaries=0 1
cat_threshold=4
is_linear=0
shrinkage=0.0100244


Tree=35
num_leaves=8
num_cat=0
split_feature=19 5 23 8 19 21 19
split_gain=6736.45 2893.94 875.074 490.95 473.551 400.387 389.309
threshold=7.9602715972680871 0.14271545892517284 0.032622834384363683 89.421272277148105 3.1447810301341983 0.20621104113700575 2.4856953090047136
decision_type=10 2 8 2 8 2 8
left_child=1 2 6 4 5 -4 -1
right_child=-2 -3 3 -5 -6 -7 -8
leaf_value=0.017231757176267938 0.029985839954165996 0.026617533310484463 0.019096515071248859 0.026486287248120407 0.02130925236495914 0.014202695221240912 0.012062308333794536
leaf_weight=6852.4092914909124 8551.6707183867693 5664.7459176257253 8776.4221592396498 1084.5831384882331 8606.5370444208384 2081.3402152732015 1864.3573141172528
leaf_count=39932 3336 10246 46190 2895 31412 12235 11254
internal_value=0.0220111 0.0200586 0.0187889 0.0199182 0.0195519 0.0181587 0.0161264
internal_weight=43482.1 34930.4 29265.6 20548.9 19464.3 10857.8 8716.77
internal_count=157500 154164 143918 92732 89837 58425 51186
is_linear=0
shrinkage=0.0100244


Tree=36
num_leaves=8
num_cat=0
split_feature=10 5 2 8 4 4 10
split_gain=10285.2 938.097 757.214 758.365 630.603 570.643 516.591
threshold=3.9438667051118066 0.17080133427052827 916.91976061196158 58.558906304006094 0.32434804157949376 0.33966932556759571 3.2726908111511039
decision_type=2 2 2 2 2 2 2
left_child=1 2 -1 4 -4 -6 -7
right_child=-2 -3 3 -5 5 6 -8
leaf_value=0.019890542770571954 0.02882935036565484 0.026036670800421644 0.01398334986869877 0.021104807266035974 0.026814981147276221 0.015928806835487645 0.026676065820987829
leaf_weight=11632.677109479904 13439.838277474046 1501.4103747904301 8943.9527033567429 3077.6805306747556 692.92021314799786 4234.3905246555805 503.20054668933153
leaf_count=49694 7579 2778 56565 13509 3286 22601 1488
internal_value=0.0215199 0.0183079 0.0179087 0.0165876 0.0156202 0.0183154 0.0170713
internal_weight=44026.1 30586.2 29084.8 17452.1 14374.5 5430.51 4737.59
internal_count=157500 149921 147143 97449 83940 27375 24089
is_linear=0
shrinkage=0.0100244


Tree=37
num_leaves=8
num_cat=0
split_feature=10 23 4 2 9 24 9
split_gain=10032.9 934.213 843.14 615.277 557.582 485.394 458.817
threshold=3.9438667051118066 0.022968052838882234 0.38010665949514461 912.62053310340264 0.56642655332575609 50.100000000000009 2.4505417478516232
decision_type=2 8 2 2 2 2 2
left_child=1 -1 3 -3 5 -4 -5
right_child=-2 2 4 6 -6 -7 -8
leaf_value=0.014807212270874712 0.02823398862442594 0.019596701805832509 0.024306433561145754 0.015152093410832325 0.027217946056169125 0.015849497826752306 0.022510571339723385
leaf_weight=7454.0712484940886 13584.930792167783 10430.44592114538 1329.3867455050349 7640.8752209097147 1748.2149258702993 1404.3949711471796 959.1957910656929
leaf_count=43823 7579 43122 4130 44791 4322 6373 3360
internal_value=0.0210516 0.0179006 0.0188811 0.0179594 0.022794 0.0199633 0.0159733
internal_weight=44551.5 30966.6 23512.5 19030.5 4482 2733.78 8600.07
internal_count=157500 149921 106098 91273 14825 10503 48151
is_linear=0
shrinkage=0.0100244


Tree=38
num_leaves=8
num_cat=0
split_feature=19 5 23 9 18 19 19
split_gain=6339.03 2672.02 838.33 440.402 440.385 405.966 515.386
threshold=7.9602715972680871 0.15764189082013902 0.022968052838882234 3.1216662418790464 2.4465338707730457 1.7623262569041542 1.9868165423048223
decision_type=10 2 8 2 2 10 10
left_child=1 2 -1 4 5 -4 -7
right_child=-2 -3 3 -5 -6 6 -8
leaf_value=0.014875035491216141 0.028226144566174692 0.026237032220920456 0.019963291461378402 0.02474091638698217 0.012104223756297916 0.012836557343229443 0.018366864644865574
leaf_weight=7700.7799888774753 8816.2952066808939 4229.5268109589815 11652.941809467971 1146.1572770699859 1075.8358421474695 2129.147043146193 8313.3618203625083
leaf_count=43560 3336 5412 45294 2590 5520 12330 39458
internal_value=0.0206024 0.018748 0.0177585 0.0186715 0.0183711 0.0186762 0.0172395
internal_weight=45064 36247.8 32018.2 24317.4 23171.3 22095.5 10442.5
internal_count=157500 154164 148752 105192 102602 97082 51788
is_linear=0
shrinkage=0.0100244


Tree=39
num_leaves=8
num_cat=0
split_feature=10 19 8 19 19 10 21
split_gain=9691.58 962.959 755.193 638.99 711.659 635.13 562.793
threshold=3.6894610434069359 1.773075794623032 153.77391273896686 1.9868165423048223 2.4622579898098711 2.8736242394293305 -0.10762323956300933
decision_type=2 10 2 10 10 2 2
left_child=1 -1 3 5 -5 -3 -7
right_child=-2 2 -4 4 -6 6 -8
leaf_value=0.018839311907666773 0.026969282667030043 0.0089514543332480673 0.024564066288976002 0.017713887182531467 0.012575899662953876 0.031506296841147273 0.011453801091845928
leaf_weight=15137.379607953131 14402.477943554521 2775.0549216866493 840.46620406210423 7647.5704710409045 4198.9066501781344 258.3877307921648 309.14614310860634
leaf_count=61528 8807 17624 1641 40346 24752 988 1814
internal_value=0.0201685 0.0170257 0.0153128 0.0148006 0.015893 0.0109286 0.0205905
internal_weight=45569.4 31166.9 16029.5 15189.1 11846.5 3342.59 567.534
internal_count=157500 148693 87165 85524 65098 20426 2802
is_linear=0
shrinkage=0.0100244


Tree=40
num_leaves=8
num_cat=0
split_feature=19 4 19 19 13 4 18
split_gain=6125.39 2824.36 751.995 623.099 587.142 468.793 480.056
threshold=7.9602715972680871 0.56640241437425198 1.773075794623032 1.9684398235735776 0.73794254572893991 0.31371108860607477 1.0062670171958967
decision_type=10 2 10 10 2 2 2
left_child=1 2 -1 4 -4 6 -5
right_child=-2 -3 3 5 -6 -7 -8
leaf_value=0.018472793217422855 0.027185692263707296 0.02496674725600305 0.0054863766236174869 0.020711333809504778 0.014586814903036619 0.018932768506710908 0.014073352968658139
leaf_weight=15283.851934045553 8972.6767277568579 4995.7498079091311 1107.0704332217574 1273.6632766276598 1999.9827540293336 4588.3140534386039 7837.1372329518199
leaf_count=60967 3336 6518 7367 6368 11062 19049 42833
internal_value=0.0197533 0.0179549 0.0168632 0.0153992 0.0113448 0.0163186 0.0150017
internal_weight=46058.4 37085.8 32090 16806.2 3107.05 13699.1 9110.8
internal_count=157500 154164 147646 86679 18429 68250 49201
is_linear=0
shrinkage=0.0100244


Tree=41
num_leaves=8
num_cat=0
split_feature=10 23 5 19 19 18 3
split_gain=9389.51 828.523 694.662 601.848 533.907 417.119 352.785
threshold=3.9438667051118066 0.022968052838882234 0.13928038762081604 3.1447810301341983 2.4622579898098711 2.2991720769261774 -0.017562062338641795
decision_type=2 8 2 8 10 2 2
left_child=1 -1 3 4 5 6 -3
right_child=-2 2 -4 -5 -6 -7 -8
leaf_value=0.01353605108792026 0.026187323571031942 0.012335739039485472 0.021868298068392942 0.018716192894217356 0.010808469510374081 0.0093758475059040145 0.017581459800753912
leaf_weight=7794.8127660527825 14084.481069728732 1520.6780942007899 2931.7505738288164 8670.2229053899646 2204.5233380943537 827.0779070854187 8505.8134253248572
leaf_count=43823 7579 8273 7248 30643 13214 4761 41959
internal_value=0.0193522 0.0163858 0.0172864 0.016668 0.0153079 0.0162216 0.0167861
internal_weight=46539.4 32454.9 24660.1 21728.3 13058.1 10853.6 10026.5
internal_count=157500 149921 106098 98850 68207 54993 50232
is_linear=0
shrinkage=0.0100244


Tree=42
num_leaves=8
num_cat=0
split_feature=10 19 4 20 17 10 4
split_gain=9211.72 800.989 698.648 506.976 461.557 406.772 740.91
threshold=3.408708805540309 1.6737328326329353 0.53994602687993309 2.29753192255107 2.3752310111384873 10.590518864506867 0.41250649778551846
decision_type=2 10 2 2 10 2 2
left_child=1 4 3 -3 -1 6 -2
right_child=5 2 -4 -5 -6 -7 -8
leaf_value=0.017342756964377662 0.019908297279039897 0.014129461336331452 0.020209158077483646 0.0057013637762940422 0.028720514793206642 0.026729501404207819 0.026316986784741495
leaf_weight=13170.79574162513 3242.2961307987571 15085.926953881979 1869.9190250560641 753.3678163588047 368.59004554897547 8388.5377850234509 4123.7419047504663
leaf_count=50834 6219 83876 4653 4955 1301 2683 2979
internal_value=0.0189682 0.0158169 0.0144131 0.0137287 0.0176529 0.0252183 0.0234966
internal_weight=47003.2 31248.6 17709.2 15839.3 13539.4 15754.6 7366.04
internal_count=157500 145619 93484 88831 52135 11881 9198
is_linear=0
shrinkage=0.0100244


end of trees

feature_importances:
paint_environment_deviation_max=60
max_standardized_deviation=46
max_cycle_deviation=36
waiting_time_total=28
cycle_deviation_std=27
cohort_defect_rate_mean=27
elapsed_production_time=11
waiting_time_mean=10
mean_abnormality=10
sealing_deviation_max=9
dimensional_deviation_max=7
vehicle_variant=7
torque_deviation_max=5
deviation_trend=5
count_slow_visits=4
mean_cycle_deviation=3
production_stage=2
stations_completed=2
cohort_sample_size_mean=2

parameters:
[boosting: gbdt]
[objective: binary]
[metric: custom]
[tree_learner: serial]
[device_type: cpu]
[data_sample_strategy: bagging]
[data: ]
[valid: ]
[num_iterations: 500]
[learning_rate: 0.0100244]
[num_leaves: 8]
[num_threads: 0]
[seed: 20240002]
[deterministic: 0]
[force_col_wise: 0]
[force_row_wise: 0]
[histogram_pool_size: -1]
[max_depth: -1]
[min_data_in_leaf: 43]
[min_sum_hessian_in_leaf: 0.001]
[bagging_fraction: 0.870446]
[pos_bagging_fraction: 1]
[neg_bagging_fraction: 1]
[bagging_freq: 0]
[bagging_seed: 6687]
[bagging_by_query: 0]
[feature_fraction: 0.612428]
[feature_fraction_bynode: 1]
[feature_fraction_seed: 21443]
[extra_trees: 0]
[extra_seed: 17765]
[early_stopping_round: 0]
[early_stopping_min_delta: 0]
[first_metric_only: 0]
[max_delta_step: 0]
[lambda_l1: 0.00174248]
[lambda_l2: 0.180172]
[linear_lambda: 0]
[min_gain_to_split: 0]
[drop_rate: 0.1]
[max_drop: 50]
[skip_drop: 0.5]
[xgboost_dart_mode: 0]
[uniform_drop: 0]
[drop_seed: 26322]
[top_rate: 0.2]
[other_rate: 0.1]
[min_data_per_group: 100]
[max_cat_threshold: 32]
[cat_l2: 10]
[cat_smooth: 10]
[max_cat_to_onehot: 4]
[top_k: 20]
[monotone_constraints: ]
[monotone_constraints_method: basic]
[monotone_penalty: 0]
[feature_contri: ]
[forcedsplits_filename: ]
[refit_decay_rate: 0.9]
[cegb_tradeoff: 1]
[cegb_penalty_split: 0]
[cegb_penalty_feature_lazy: ]
[cegb_penalty_feature_coupled: ]
[path_smooth: 0]
[interaction_constraints: ]
[verbosity: -1]
[saved_feature_importance_type: 0]
[use_quantized_grad: 0]
[num_grad_quant_bins: 4]
[quant_train_renew_leaf: 0]
[stochastic_rounding: 1]
[linear_tree: 0]
[max_bin: 255]
[max_bin_by_feature: ]
[min_data_in_bin: 3]
[bin_construct_sample_cnt: 200000]
[data_random_seed: 2312]
[is_enable_sparse: 1]
[enable_bundle: 1]
[use_missing: 1]
[zero_as_missing: 0]
[feature_pre_filter: 1]
[pre_partition: 0]
[two_round: 0]
[header: 0]
[label_column: ]
[weight_column: ]
[group_column: ]
[ignore_column: ]
[categorical_feature: 25]
[forcedbins_filename: ]
[precise_float_parser: 0]
[parser_config_file: ]
[objective_seed: 23302]
[num_class: 1]
[is_unbalance: 0]
[scale_pos_weight: 21.1053]
[sigmoid: 1]
[boost_from_average: 1]
[reg_sqrt: 0]
[alpha: 0.9]
[fair_c: 1]
[poisson_max_delta_step: 0.7]
[tweedie_variance_power: 1.5]
[lambdarank_truncation_level: 30]
[lambdarank_norm: 1]
[label_gain: ]
[lambdarank_position_bias_regularization: 0]
[eval_at: ]
[multi_error_top_k: 1]
[auc_mu_weights: ]
[num_machines: 1]
[local_listen_port: 12400]
[time_out: 120]
[machine_list_filename: ]
[machines: ]
[gpu_platform_id: -1]
[gpu_device_id: -1]
[gpu_device_id_list: ]
[gpu_use_dp: 0]
[num_gpu: 1]

end of parameters

pandas_categorical:[["EV", "ICE_SEDAN", "ICE_SUV"]]
